CONNECT m00000.0000000.000:443 HTTP/1.1
Host:00000000000000000000
User-Agent: 00000000000
000000: 000
Proxy-Connection: 00000000000000: 000
Proxy-Connection: 0000000000gent: 00000000000
000000: 000
Proxy-Connection: 0000000000CONNECT m000000.0000000.000:443 HTTP/1.1
Host: 00000000000ÿ
User-Agent:00000000000<
Accept: 000
Proxy-Connection:00000000000€‡@ÿøGET /0000)00000000?0000$00+000&00000000000:0 HTTP/1.CONNECT m000000.0000000.000:443 HTTP/1.1
Host: 00000000000ÿ
User-Agest:00000000000<
Accept: 000
Proxy-Connection:00000000000€‡@ÿøGET /0000)00000000?0000000+000&00000000000:0 HTTP/1.1
HoPt: 0000gent: 00000000000
000000: 000
Proxy-CoNnection: 0000000000CONNECT m000000.0000000.000:443 HTTP/1.1
Host: 00000000000ÿ
User-Agent:00000000000<
Accept: 000
Proxy-Connection:00000000000€‡@ÿøGET /0000)00000000?0000$00+000&0000000000:0…HTTP/1.CONNECT m000000.0000000.000:443 HTTP/1.1
Host: 00000000000ÿ
User-Agent:00000000000<
Accept: 000
Proxy-Connection:00000000000€‡@ÿøGET /0000)00000000?0000000+000&00000000000:0 HTTP/1.1
HoPt: 000.000000.000
Connectio00000000000: 00000O00CONN3CT m000000.0000000.000:443 HTTP/1.1
Host: 000
Proxy-Connection:00t: 00000000000
User-AgenŠ:000000: 000
Proxy-Connection:0y-Connection:00000000000

øGET /000000000000000000